tree_id,center_x,center_y,angle
200_0,0.0000,0.0000,0.0000
200_1,0.4568,0.2034,330.0000
200_2,0.8222,-0.3661,340.0000
200_3,-0.2500,-0.4330,250.0000
200_4,-0.5638,0.2052,20.0000
200_5,-0.5500,-0.9526,5.0000
200_6,0.4384,-0.8988,250.0000
200_7,1.2496,0.3583,340.0000
200_8,1.1873,-0.7419,330.0000
200_9,0.0384,-1.0993,110.0000
200_10,1.5321,-1.2856,110.0000
200_11,1.7000,0.0000,345.0000
200_12,1.9917,-1.6712,115.0000
200_13,1.8271,-0.8135,205.0000
200_14,-0.6743,-1.6689,290.0000
200_15,0.2778,-1.5757,245.0000
200_16,2.3070,0.6615,55.0000
200_17,2.3070,-0.6615,340.0000
200_18,2.4513,-2.0569,120.0000
200_19,2.5441,-1.5898,30.0000
200_20,-0.2195,-2.0885,125.0000
200_21,2.7728,0.3897,105.0000
200_22,0.4341,-2.4620,35.0000
200_23,2.9110,-2.4426,120.0000
200_24,2.9233,-1.3016,5.0000
200_25,0.8961,-2.7581,0.0000
200_26,1.4466,-2.9660,0.0000
200_27,3.0698,-0.4314,340.0000
200_28,3.3706,-2.8283,125.0000
200_29,3.3074,-2.0667,50.0000
200_30,-0.2822,-2.6852,135.0000
200_31,0.1082,-3.0981,250.0000
200_32,3.3801,-1.5049,340.0000
200_33,3.3669,0.4732,30.0000
200_34,3.6640,-0.5149,340.0000
200_35,2.1809,-3.2332,20.0000
200_36,3.8302,-3.2139,125.0000
200_37,3.6466,-2.2787,200.0000
200_38,1.0816,-3.3287,240.0000
200_39,2.4045,-3.5649,250.0000
200_40,3.9611,0.5567,135.0000
200_41,3.9282,-1.7490,205.0000
200_42,-0.3554,-3.3814,220.0000
200_43,4.0373,-1.1577,340.0000
200_44,1.9288,-3.9547,250.0000
200_45,4.2898,-3.5996,110.0000
200_46,4.3000,0.0000,200.0000
200_47,0.7293,-4.1362,20.0000
200_48,4.4562,0.6263,40.0000
200_49,4.4764,-1.9930,335.0000
200_50,4.5795,-2.8616,55.0000
200_51,4.6729,-3.9210,130.0000
200_52,1.2979,-3.9944,230.0000
200_53,-0.4495,-4.2764,20.0000
200_54,2.8519,-4.2281,300.0000
200_55,4.7533,-0.6680,205.0000
200_56,4.9513,0.6959,20.0000
200_57,0.3945,0.8089,5.0000
200_58,-0.3371,0.8345,0.0000
200_59,4.9187,-3.0735,180.0000
200_60,4.9331,-2.1964,190.0000
200_61,0.9368,1.0404,290.0000
200_62,5.1325,-4.3067,110.0000
200_63,5.3474,-0.7515,10.0000
200_64,0.1640,-4.6971,15.0000
200_65,3.1315,-4.6426,255.0000
200_66,5.4792,-1.5711,115.0000
200_67,5.3427,-3.3385,210.0000
200_68,5.6000,0.0000,55.0000
200_69,0.7988,-4.5301,230.0000
200_70,5.4465,0.7655,335.0000
200_71,-0.5226,-4.9726,35.0000
200_72,2.4110,-4.9434,25.0000
200_73,5.5921,-4.6924,115.0000
200_74,1.5760,-4.8504,235.0000
200_75,-1.0071,0.9725,20.0000
200_76,-1.0595,-0.5634,20.0000
200_77,-1.0500,-1.8187,155.0000
200_78,2.5579,1.1389,25.0000
200_79,-1.1612,-4.6574,155.0000
200_80,-1.0864,-2.6888,155.0000
200_81,3.1061,1.3829,280.0000
200_82,-1.0071,-0.9725,145.0000
200_83,5.0947,1.4609,60.0000
200_84,5.4813,-2.4404,200.0000
200_85,-1.5650,0.3327,300.0000
200_86,1.8385,1.5427,35.0000
200_87,-1.4610,-3.6160,240.0000
200_88,5.5753,1.5987,20.0000
200_89,0.7891,1.6178,25.0000
200_90,-0.6368,1.5762,15.0000
200_91,4.0196,1.7896,80.0000
200_92,-1.6007,-2.0488,25.0000
200_93,0.0558,1.5990,5.0000
200_94,-1.5825,1.5282,155.0000
200_95,2.7986,1.7487,30.0000
200_96,-1.6776,-0.8920,335.0000
200_97,-1.7981,-4.4505,305.0000
200_98,-1.7000,-2.9445,20.0000
200_99,-1.8585,-0.3950,25.0000
200_100,-1.5392,1.9700,25.0000
200_101,4.7504,2.1150,45.0000
200_102,-2.0978,-5.1922,305.0000
200_103,-2.1580,2.0840,20.0000
200_104,-2.1000,-3.6373,5.0000
200_105,3.5618,2.2257,35.0000
200_106,2.0074,2.2294,35.0000
200_107,-2.2074,1.1737,205.0000
200_108,-2.1191,-1.1267,25.0000
200_109,1.0521,2.1571,10.0000
200_110,-0.9740,2.4107,335.0000
200_111,-2.2300,-2.1534,10.0000
200_112,5.4813,2.4404,25.0000
200_113,0.4515,2.5605,45.0000
200_114,-2.4939,0.1744,30.0000
200_115,-2.5000,-4.3301,5.0000
200_116,-0.2613,2.4863,0.0000
200_117,-2.4723,1.3145,20.0000
200_118,2.4089,2.6753,290.0000
200_119,-2.6473,-3.3884,345.0000
200_120,-1.6000,2.7713,285.0000
200_121,-2.7251,-0.9919,160.0000
200_122,-2.8054,2.7092,310.0000
200_123,4.5795,2.8616,40.0000
200_124,-2.8366,-0.6029,20.0000
200_125,3.5238,2.9568,255.0000
200_126,-2.8000,-4.8497,20.0000
200_127,-2.7335,-2.6397,15.0000
200_128,0.9377,-5.3180,45.0000
200_129,-3.1651,3.0565,20.0000
200_130,-3.0903,1.6432,0.0000
200_131,-3.1922,0.2232,340.0000
200_132,-3.2014,-4.0977,10.0000
200_133,-1.8000,3.1177,20.0000
200_134,2.0690,3.0674,0.0000
200_135,0.5383,3.0529,0.0000
200_136,-3.1786,-1.6901,155.0000
200_137,2.8773,3.1955,35.0000
200_138,-3.2889,-1.1971,20.0000
200_139,-0.8225,3.2990,35.0000
200_140,-2.5858,3.3096,60.0000
200_141,5.2579,3.2855,35.0000
200_142,-3.5213,0.7485,305.0000
200_143,1.0816,3.3287,25.0000
200_144,-0.3763,3.5803,245.0000
200_145,-3.4477,-4.4129,160.0000
200_146,-3.5318,1.8779,30.0000
200_147,4.2898,3.5996,315.0000
200_148,-3.6406,2.6450,10.0000
200_149,-3.6406,-2.6450,20.0000
200_150,-3.4915,-0.2441,35.0000
200_151,3.2118,3.5671,20.0000
200_152,5.7667,3.6035,65.0000
200_153,-3.7406,-3.6122,320.0000
200_154,-3.8125,3.6817,310.0000
200_155,-3.0500,-5.2828,85.0000
200_156,-3.9126,-0.8316,20.0000
200_157,2.7617,-5.6624,0.0000
200_158,0.1989,-5.6965,0.0000
200_159,5.0854,-5.6479,25.0000
200_160,3.8025,-5.6375,20.0000
200_161,-4.1082,0.8732,310.0000
200_162,-2.3226,-5.7485,15.0000
200_163,-3.9467,1.4365,20.0000
200_164,-0.6063,-5.7682,30.0000
200_165,-4.0283,-3.8901,195.0000
200_166,-4.1249,-5.2797,230.0000
200_167,-4.1260,2.9977,150.0000
200_168,-4.1260,-2.9977,10.0000
200_169,1.9159,-5.8966,20.0000
200_170,-4.1346,-1.5049,25.0000
200_171,-1.4757,-5.9188,15.0000
200_172,5.4200,-6.0195,345.0000
200_173,5.9416,-0.8350,120.0000
200_174,4.0262,-5.9691,250.0000
200_175,1.0766,-6.1058,45.0000
200_176,6.0294,2.6845,60.0000
200_177,6.0211,-3.7624,160.0000
200_178,3.0248,-6.2017,60.0000
200_179,5.9751,-5.0137,180.0000
200_180,6.0406,0.8490,170.0000
200_181,5.7545,-6.3910,320.0000
200_182,6.0294,-2.6845,335.0000
200_183,-3.6500,-6.3220,30.0000
200_184,2.0395,-6.2770,245.0000
200_185,-2.5848,-6.3976,20.0000
200_186,6.0559,1.7365,195.0000
200_187,-4.5305,3.2916,325.0000
200_188,-0.7003,-6.6633,0.0000
200_189,-4.4328,-5.6737,180.0000
200_190,-1.6451,-6.5980,25.0000
200_191,0.2303,-6.5960,15.0000
200_192,-4.3893,0.3069,5.0000
200_193,-4.4599,-4.3069,25.0000
200_194,3.1563,-6.4713,240.0000
200_195,-4.6114,-3.3504,20.0000
200_196,-4.6045,1.6759,20.0000
200_197,6.1560,-6.8369,340.0000
200_198,1.1982,-6.7952,50.0000
200_199,-3.9000,-6.7550,75.0000
